000000000000000000100000000
000000000000000000001000000
000000000000000000000000001
000000000000000000000000100
000000000000000000001000000
000000000000000000000000100
000000000000000000100000000
000000000000000000000000001
100000000010000000000010000
001000000000001000000010000
000000001000000010000010000
000000100000100000000010000
001000000010000000000010000
000000100000000010000010000
100000000000100000000010000
000000001000001000000010000
100000000001000000000000100
001000000000000001100000000
000000001000000100001000000
000000100100000000000000001
001000000100000000000000001
000000100000000001100000000
100000000000000100001000000
000000001001000000000000100
100000000000001000000010000
001000000000000010000010000
000000001000100000000010000
000000100010000000000010000
001000000000100000000010000
000000100000001000000010000
100000000000000010000010000
000000001010000000000010000
100000000000000001001000000
001000000000000100000000001
000000001100000000000000100
000000100001000000100000000
001000000000000100100000000
000000100001000000000000001
100000000000000001000000100
000000001100000000001000000
100000000000010000000000001
001000000000010000000000100
000000001000010000100000000
000000100000010000001000000
001000000000010000000000100
000000100000010000001000000
100000000000010000000000001
000000001000010000100000000
100010000010000001000100100
001010000000001100110000000
000010001100000010001001000
000010100001100000000000011
001010000010000100000001001
000010100001000010100100000
100010000000100001011000000
000010001100001000000000110
100000100001100000000000001
101000000010000001000000100
001000001000001100100000000
000000101100000010001000000
001000001100001000000000100
100000100000100001001000000
101000000010000100000000001
000000101001000010100000000
100010000000001001001000000
001010000000000110000000001
000010001100100000000000100
000010100011000000100000000
001010000000100100100000000
000010100001001000000000001
100010000000000011000000100
000010001110000000001000000
101000000010000001000000100
001000001000001100100000000
000000101100000010001000000
100000100001100000000000001
101000000010000100000000001
000000101001000010100000000
100000100000100001001000000
001000001100001000000000100